-0.9184556603431702
-0.3367263972759247
-0.4849555492401123
-0.18042291700839996
-0.15705838799476624
-0.3425378203392029
0.6258640885353088
-0.7691534757614136
-0.22264836728572845
-0.21774260699748993
-0.790002167224884
-0.34253785014152527
-0.22978727519512177
-0.34182989597320557
-0.3367263376712799
-0.18658365309238434
-0.4849555492401123
-0.3425378203392029
-0.38689887523651123
0.877004861831665
-0.3367263376712799
-0.2629704475402832
-0.21774260699748993
-0.5265278816223145
-0.17939598858356476
-0.9462700486183167
1.0000001192092896
1.0
1.0
1.0
0.342122882604599
-0.3418298661708832
-0.386898934841156
1.0
0.8640353083610535
-0.4767644703388214
-0.2747962176799774
-0.19583943486213684
1.0
-0.3629606068134308
-0.1937587857246399
-0.1931837648153305
-0.6414749026298523
-0.9141178727149963
-0.34253785014152527
0.7805177569389343
-0.4849555492401123
-0.18658366799354553
-0.3503361940383911
-0.22264838218688965
0.4954949915409088
-0.18658359348773956
-0.2747962176799774
-0.3629606068134308
1.0
-0.19996169209480286
-0.3367263674736023
-0.22264842689037323
-0.8753958344459534
-0.22978729009628296
-0.21774260699748993
-0.22264841198921204
-0.18658360838890076
0.7805177569389343
-0.1937587410211563
-0.8715665936470032
1.0
-0.26532840728759766
-0.3629606068134308
-0.3629606068134308
-0.20785944163799286
-0.17939603328704834
-0.15705829858779907
0.548923671245575
-0.9429277777671814
-0.9183464646339417
-0.21774260699748993
-0.21774260699748993
-0.4767644703388214
1.0
1.0
-0.3868989646434784
-0.21774260699748993
-0.22264842689037323
-0.3629606068134308
-0.6414748430252075
-0.3629606068134308
-0.18658363819122314
-0.9183464646339417
1.0
-0.21774260699748993
-0.8842428922653198
-0.21774260699748993
-0.22264838218688965
1.0
1.0
-0.22264838218688965
-0.2120712697505951
-0.6414747834205627
-0.3629606068134308
-0.3629606068134308
-0.7883929014205933
-0.526528000831604
-0.44931191205978394
-0.9204779863357544
0.09132536500692368
-0.16163919866085052
1.0
-0.3629606068134308
-0.34253785014152527
-0.18042291700839996
-0.21774260699748993
0.5783905982971191
-0.7691535353660583
-0.15286122262477875
-0.2747962176799774
-0.4767644703388214
-0.3629606068134308
-0.940925657749176
-0.7306829690933228
0.7994509339332581
-0.9261499047279358
-0.2629704177379608
0.9589959979057312
-0.3629606068134308
1.0
-0.18808363378047943
1.0
-0.22978729009628296
0.8124464154243469
1.0
-0.6414749026298523
-0.18658365309238434
1.0
-0.19583941996097565
-0.15209801495075226
-0.3629606068134308
-0.21774260699748993
-0.4849555194377899
-0.21774260699748993
1.0
0.8035190105438232
0.4586044251918793
-0.3425377905368805
0.8178813457489014
-0.3425378203392029
0.3421228528022766
-0.7897528409957886
-0.3629606068134308
1.0
1.0
-0.4849555492401123
-0.3629606068134308
-0.3868989646434784
0.3421228528022766
-0.3629606068134308
1.0
-0.5566306710243225
1.0
0.8357225656509399
0.4954949617385864
-0.15705831348896027
-0.3629606068134308
-0.18658368289470673
1.0
0.5849342942237854
0.7808595299720764
-0.34182992577552795
-0.3629606068134308
0.6145504117012024
0.4347343444824219
-0.386898934841156
-0.17939601838588715
-0.3629606068134308
-0.4849555194377899
1.0
0.005818582605570555
-0.5600218772888184
-0.21774260699748993
1.0
-0.9087932705879211
1.0
-0.18651027977466583
1.0
-0.5600218772888184
0.4347343444824219
-0.22978727519512177
-0.7831897139549255
-0.27479618787765503
-0.8722427487373352
1.0
-0.3629606068134308
0.7808595895767212
-0.26532840728759766
-0.21774260699748993
0.4347343146800995
-0.8676409125328064
-0.9345415830612183
-0.5600218772888184
-0.9166902899742126
-0.22264836728572845
-0.3425378203392029
0.8114491701126099
-0.3868989646434784
-0.2629704475402832
-0.18042291700839996
1.0
-0.5600218772888184
-0.21774260699748993
0.8035190105438232
-0.3629606068134308
0.8911498785018921
-0.7989152073860168
-0.19375881552696228
-0.4767644703388214
-0.3629606068134308
-0.3503362238407135
-0.2629703879356384
1.0
-0.3629606068134308
-0.8868313431739807
-0.88161301612854
-0.7078795433044434
-0.15705834329128265
-0.9392786026000977
0.5314611792564392
-0.355999231338501
0.45860448479652405
-0.19996167719364166
-0.7757440209388733
0.4347342848777771
1.0
1.0
0.6974324584007263
-0.3425378203392029
-0.3559992015361786
-0.4767645001411438
-0.3629606068134308
-0.3367263376712799
0.8033841848373413
-0.3629606068134308
-0.9184557795524597
1.0
-0.5600218772888184
1.0
-0.3629606068134308
0.8033841848373413
1.0
-0.34182995557785034
-0.3367263078689575
1.0
-0.18651029467582703
-0.9205842018127441
-0.3503362238407135
0.14605124294757843
-0.3629606068134308
-0.3868989050388336
1.0
1.0
-0.3629606068134308
-0.22978731989860535
0.8665671348571777
-0.18651030957698822
0.14605125784873962
-0.3629606068134308
-0.6414747834205627
-0.9345415234565735
0.8714807629585266
-0.6216273903846741
-0.4601620137691498
0.780859649181366
-0.3629606068134308
1.0
-0.18651029467582703
-0.15209802985191345
-0.386898934841156
1.0
-0.18651030957698822
-0.3425378203392029
-0.3629606068134308
1.0
-0.1931837499141693
-0.3629606068134308
-0.3367263674736023
-0.18658365309238434
-0.34253787994384766
-0.3629606068134308
-0.21774260699748993
0.7805177569389343
-0.7831897139549255
0.8035190105438232
-0.1931837648153305
0.7875595092773438
-0.3629606068134308
-0.9155619740486145
0.01823275163769722
1.0
-0.9087932705879211
-0.3629606068134308
-0.2043372243642807
-0.9166902899742126
1.0
-0.5265279412269592
0.6538691520690918
0.6468930840492249
1.0
0.7664754390716553
-0.4849555194377899
1.0
-0.9450173377990723
-0.4601619243621826
1.0
1.0
-0.8471323251724243
-0.19375881552696228
-0.15705832839012146
-0.9476335644721985
-0.6958090662956238
0.9731075763702393
0.7429137229919434
-0.1865103393793106
0.6133294701576233
-0.3629606068134308
-0.22978729009628296
-0.15705834329128265
0.653869092464447
1.0
-0.21774260699748993
0.7922472357749939
-0.9460973143577576
-0.8706014156341553
-0.3629606068134308
-0.8590453863143921
1.0
0.495495080947876
-0.1937588006258011
-0.3629606068134308
-0.21774260699748993
-0.9301685094833374
-0.2120712697505951
-0.1931837648153305
-0.3425378203392029
-0.21774260699748993
-0.18651029467582703
-0.16163919866085052
-0.34182995557785034
-0.3629606068134308
-0.18042291700839996
1.0
1.0
-0.15705834329128265
1.0
-0.2653283476829529
0.9579670429229736
-0.4849555194377899
1.0
1.0
-0.21774260699748993
-0.2747962176799774
-0.9462403059005737
-0.3629606068134308
0.877004861831665
-0.3629606068134308
-0.17939603328704834
-0.3629606068134308
-0.18042291700839996
-0.9166902899742126
0.780859649181366
-0.3629606068134308
1.0
1.0
-0.4601620137691498
-0.22264836728572845
-0.3425378203392029
-0.4767644703388214
1.0
-0.8996182680130005
-0.16163919866085052
-0.7691535353660583
1.0
1.0
-0.9465205073356628
-0.8827035427093506
-0.26297035813331604
-0.18808364868164062
-0.3629606068134308
1.0
-0.21774260699748993
-0.19996166229248047
-0.22978729009628296
-0.9087932109832764
-0.7883929014205933
-0.3629606068134308
-0.9495744109153748
-0.21774260699748993
0.5314611196517944
-0.3629606068134308
-0.19583944976329803
-0.18042291700839996
-0.20785941183567047
-0.22264836728572845
-0.8984209895133972
0.05891982465982437
-0.15209856629371643
1.0
-0.1520986407995224
0.7922473549842834
-0.16163921356201172
-0.18658365309238434
1.0
0.7808595299720764
-0.18658365309238434
1.0
0.7556514143943787
-0.1520981341600418
-0.21774260699748993
1.0
1.0
-0.3629606068134308
-0.5265279412269592
1.0
-0.15705831348896027
1.0
1.0
-0.6502723097801208
-0.9450173377990723
-0.1937588006258011
-0.8759130239486694
