-0.6588037610054016
-0.07860954850912094
-0.22773876786231995
-0.22033849358558655
-0.13284136354923248
-0.25398313999176025
0.5329183340072632
0.05194123834371567
-0.13777005672454834
-0.2669546604156494
-0.48955056071281433
-0.25398316979408264
-0.24188701808452606
-0.07212145626544952
-0.07860950380563736
-0.2628801763057709
-0.22773876786231995
-0.25398316979408264
-0.26468175649642944
0.9671955108642578
-0.07860952615737915
-0.13803896307945251
-0.2669546604156494
-0.15347345173358917
-0.2348882108926773
-0.9039952754974365
1.0
1.0
1.0
1.0
-0.31271448731422424
-0.07212146371603012
-0.26468178629875183
1.0
0.9681569337844849
-0.2838376760482788
-0.22230298817157745
-0.2585839033126831
1.0000001192092896
-0.4975132942199707
-0.2430766224861145
-0.21887776255607605
-0.7782858610153198
-0.6453662514686584
-0.25398313999176025
0.2919924557209015
-0.22773879766464233
-0.2628801465034485
-0.18040600419044495
-0.13777008652687073
-0.14523303508758545
-0.2628801763057709
-0.22230294346809387
-0.4975132942199707
1.0
-0.23370559513568878
-0.07860953360795975
-0.13777005672454834
-0.7253786325454712
-0.24188700318336487
-0.2669546604156494
-0.13777007162570953
-0.2628801167011261
0.2919924855232239
-0.24307666718959808
-0.8236401081085205
1.0
-0.21473056077957153
-0.4975132942199707
-0.4975132942199707
-0.24931763112545013
-0.2348882257938385
-0.1328413486480713
0.896547257900238
-0.8995149731636047
-0.6582002639770508
-0.2669546604156494
-0.2669546604156494
-0.2838376760482788
1.0
1.0
-0.2646818161010742
-0.2669546604156494
-0.13777005672454834
-0.4975132942199707
-0.7782857418060303
-0.4975132942199707
-0.2628801465034485
-0.658200204372406
1.0
-0.2669546604156494
-0.6887974739074707
-0.2669546604156494
-0.13777007162570953
1.0
1.0
-0.13777007162570953
-0.26892563700675964
-0.7782858610153198
-0.4975132942199707
-0.4975132942199707
-0.7891286611557007
-0.15347351133823395
-0.35830262303352356
-0.7990226745605469
0.8027234673500061
-0.1341252326965332
1.0
-0.4975132942199707
-0.25398316979408264
-0.22033849358558655
-0.2669546604156494
0.9509823322296143
0.05194125324487686
-0.024042505770921707
-0.22230297327041626
-0.2838377058506012
-0.4975132942199707
-0.7453891634941101
-0.21506385505199432
0.19761775434017181
-0.8507702946662903
-0.13803894817829132
0.9269266724586487
-0.4975132942199707
1.0
-0.23676081001758575
1.0000001192092896
-0.24188701808452606
0.8406075239181519
1.0
-0.7782858610153198
-0.2628801465034485
1.0
-0.2585839033126831
-0.2279605120420456
-0.4975132942199707
-0.2669546604156494
-0.22773876786231995
-0.2669546604156494
1.0
0.4009173810482025
-0.2537068724632263
-0.25398313999176025
0.8927456736564636
-0.25398313999176025
-0.31271451711654663
-0.7889454364776611
-0.4975132942199707
1.0
1.0
-0.22773879766464233
-0.4975132942199707
-0.2646818161010742
-0.31271448731422424
-0.4975132942199707
1.0
-0.26042211055755615
1.0
0.7500724196434021
-0.14523304998874664
-0.13284137845039368
-0.4975132942199707
-0.2628801465034485
1.0
0.6015045642852783
0.5815126895904541
-0.07212148606777191
-0.4975132942199707
0.9299739003181458
0.09990095347166061
-0.2646818161010742
-0.2348882257938385
-0.4975132942199707
-0.22773879766464233
1.0
0.738284170627594
-0.18728187680244446
-0.2669546604156494
1.0
-0.400784969329834
1.0
-0.24432846903800964
1.0
-0.18728187680244446
0.09990088641643524
-0.24188703298568726
-0.7876324653625488
-0.22230297327041626
-0.8971490263938904
1.0
-0.4975132942199707
0.5815126895904541
-0.2147306203842163
-0.2669546604156494
0.09990101307630539
-0.7606301307678223
-0.8957227468490601
-0.18728186190128326
-0.5796258449554443
-0.13777007162570953
-0.25398313999176025
0.5145834684371948
-0.26468178629875183
-0.1380389779806137
-0.22033849358558655
1.0
-0.18728184700012207
-0.2669546604156494
0.4009174406528473
-0.4975132942199707
0.8946006298065186
-0.7298628091812134
-0.2430766075849533
-0.2838376760482788
-0.4975132942199707
-0.18040604889392853
-0.13803896307945251
1.0
-0.4975132942199707
-0.8978862762451172
-0.8944281935691833
-0.5389668345451355
-0.13284139335155487
-0.8727157115936279
0.9263181090354919
-0.3377442955970764
-0.2537069022655487
-0.23370561003684998
-0.7870336174964905
0.09990085661411285
1.0
1.0
0.8915187120437622
-0.25398313999176025
-0.33774426579475403
-0.2838377058506012
-0.4975132942199707
-0.07860954850912094
0.5877495408058167
-0.4975132942199707
-0.6588038802146912
1.0
-0.18728190660476685
1.0
-0.4975132942199707
0.5877495408058167
1.0
-0.07212149351835251
-0.07860954850912094
1.0
-0.24432845413684845
-0.8776319026947021
-0.18040600419044495
0.1874159425497055
-0.4975132942199707
-0.2646818161010742
1.0
1.0
-0.4975132942199707
-0.24188703298568726
0.6293173432350159
-0.24432849884033203
0.1874161809682846
-0.4975132942199707
-0.7782857418060303
-0.8957228064537048
0.8524968028068542
-0.35544225573539734
-0.3213697373867035
0.5815127491950989
-0.4975132942199707
1.0
-0.24432845413684845
-0.22796054184436798
-0.2646818161010742
1.0
-0.24432845413684845
-0.25398313999176025
-0.4975132942199707
1.0
-0.21887776255607605
-0.4975132942199707
-0.07860951870679855
-0.2628801465034485
-0.25398316979408264
-0.4975132942199707
-0.2669546604156494
0.29199251532554626
-0.787632405757904
0.4009174406528473
-0.21887777745723724
0.38938605785369873
-0.4975132942199707
-0.833832323551178
-0.11441957205533981
1.0
-0.4007848799228668
-0.4975132942199707
0.3617033362388611
-0.5796258449554443
1.0
-0.15347343683242798
0.8866075277328491
0.8647982478141785
1.0
0.9139190316200256
-0.22773876786231995
1.0
-0.8971258997917175
-0.3213697373867035
1.0
1.0
-0.8582227230072021
-0.2430766224861145
-0.13284136354923248
-0.9058945775032043
-0.39011257886886597
0.987999677658081
0.9452967643737793
-0.24432848393917084
0.8975465297698975
-0.4975132942199707
-0.24188703298568726
-0.13284136354923248
0.8866075277328491
1.0
-0.2669546604156494
0.5908289551734924
-0.8935881853103638
-0.8885063529014587
-0.4975132942199707
-0.8007950782775879
1.0
-0.14523310959339142
-0.2430766224861145
-0.4975132942199707
-0.2669546604156494
-0.7443729043006897
-0.26892560720443726
-0.21887777745723724
-0.25398313999176025
-0.2669546604156494
-0.24432846903800964
-0.13412520289421082
-0.07212147116661072
-0.4975132942199707
-0.22033850848674774
1.0
1.0
-0.13284136354923248
1.0
-0.21473056077957153
0.9912363290786743
-0.22773875296115875
1.0
1.0
-0.2669546604156494
-0.22230295836925507
-0.9025517106056213
-0.4975132942199707
0.967195451259613
-0.4975132942199707
-0.2348882257938385
-0.4975132942199707
-0.22033850848674774
-0.5796258449554443
0.5815126895904541
-0.4975132942199707
1.0
1.0
-0.3213697373867035
-0.13777008652687073
-0.25398313999176025
-0.2838376760482788
1.0
-0.8716638684272766
-0.134125217795372
0.051941122859716415
1.0
1.0
-0.8975381851196289
-0.8977580070495605
-0.1380389779806137
-0.23676086962223053
-0.4975132942199707
1.0
-0.2669546604156494
-0.23370561003684998
-0.24188698828220367
-0.400784969329834
-0.7891287207603455
-0.4975132942199707
-0.8974940776824951
-0.2669546604156494
0.9263181090354919
-0.4975132942199707
-0.2585839033126831
-0.22033849358558655
-0.24931760132312775
-0.13777005672454834
-0.8920486569404602
0.21123535931110382
-0.22796055674552917
1.0
-0.22796054184436798
0.5908289551734924
-0.13412520289421082
-0.2628801465034485
1.0
0.5815126895904541
-0.2628801167011261
1.0
0.5377856492996216
-0.2279605269432068
-0.2669546604156494
1.0
1.0
-0.4975132942199707
-0.15347343683242798
1.0
-0.13284137845039368
1.0
1.0
-0.2688903510570526
-0.8971258997917175
-0.2430766075849533
-0.7938445210456848
