-0.9120946526527405
-0.24473145604133606
-0.3954005837440491
-0.17454831302165985
-0.1893603801727295
-0.24429632723331451
0.8863186836242676
-0.8748558759689331
-0.20614027976989746
-0.21894718706607819
-0.7962441444396973
-0.24429632723331451
-0.20712415874004364
-0.2247244268655777
-0.24473141133785248
-0.14511674642562866
-0.3954005837440491
-0.2442963570356369
-0.305992990732193
0.9218187928199768
-0.24473142623901367
-0.2448149025440216
-0.21894718706607819
-0.6716195344924927
-0.14617229998111725
-0.9529622197151184
1.0000001192092896
1.0
1.0
1.0
0.17897062003612518
-0.22472447156906128
-0.305992990732193
1.0
0.9389373064041138
-0.2764611542224884
-0.1700306385755539
-0.15670976042747498
0.9999999403953552
-0.46341484785079956
-0.2113407850265503
-0.16927000880241394
-0.7823182940483093
-0.9077420234680176
-0.24429631233215332
0.601202130317688
-0.3954005539417267
-0.14511674642562866
-0.20402492582798004
-0.20614027976989746
0.2549295127391815
-0.14511673152446747
-0.1700306087732315
-0.46341484785079956
1.0
-0.18212029337882996
-0.24473142623901367
-0.20614027976989746
-0.9059356451034546
-0.20712417364120483
-0.21894718706607819
-0.20614029467105865
-0.14511674642562866
0.601202130317688
-0.2113407403230667
-0.8922932744026184
1.0
-0.22586382925510406
-0.46341484785079956
-0.46341484785079956
-0.1702355295419693
-0.14617225527763367
-0.18936039507389069
0.8940832018852234
-0.952617883682251
-0.9119548201560974
-0.21894718706607819
-0.21894718706607819
-0.27646109461784363
1.0
1.0
-0.305992990732193
-0.21894718706607819
-0.20614030957221985
-0.46341484785079956
-0.7823182344436646
-0.46341484785079956
-0.14511674642562866
-0.9119548201560974
1.0
-0.21894718706607819
-0.8897791504859924
-0.21894718706607819
-0.20614029467105865
1.0
1.0
-0.20614032447338104
-0.18192027509212494
-0.7823182344436646
-0.46341484785079956
-0.46341484785079956
-0.7748144865036011
-0.6716194152832031
0.15702508389949799
-0.9083077907562256
0.5202828645706177
-0.18712186813354492
1.0
-0.46341484785079956
-0.24429631233215332
-0.17454831302165985
-0.21894718706607819
0.19030658900737762
-0.8748558759689331
0.5645469427108765
-0.1700306236743927
-0.2764611542224884
-0.46341484785079956
-0.9173581600189209
-0.6572966575622559
0.6327019929885864
-0.9396557211875916
-0.2448148876428604
0.9749115109443665
-0.46341484785079956
1.0
-0.1488957554101944
0.9999999403953552
-0.20712417364120483
0.9094129800796509
1.0
-0.7823182344436646
-0.14511676132678986
1.0
-0.15670977532863617
-0.21739184856414795
-0.46341484785079956
-0.21894718706607819
-0.3954005837440491
-0.21894718706607819
1.0
0.7559719085693359
0.31246817111968994
-0.24429632723331451
0.8925603032112122
-0.24429632723331451
0.17897064983844757
-0.8110897541046143
-0.46341484785079956
1.0
1.0
-0.39540061354637146
-0.46341484785079956
-0.305992990732193
0.17897063493728638
-0.46341484785079956
1.0
-0.4941597580909729
1.0
0.8956326246261597
0.25492945313453674
-0.1893603801727295
-0.46341484785079956
-0.14511673152446747
1.0
0.8221134543418884
0.7206164002418518
-0.2247244268655777
-0.46341484785079956
0.9371474981307983
0.3592420518398285
-0.305992990732193
-0.14617225527763367
-0.46341484785079956
-0.3954005837440491
1.0
0.7896613478660583
-0.3960544764995575
-0.21894718706607819
1.0
-0.9030494093894958
1.0
-0.21254722774028778
1.0
-0.3960544168949127
0.3592420220375061
-0.20712417364120483
-0.7773838639259338
-0.1700306087732315
-0.9327164888381958
1.0
-0.46341484785079956
0.7206164002418518
-0.22586381435394287
-0.21894718706607819
0.3592419922351837
-0.8781477808952332
-0.9516088366508484
-0.39605438709259033
-0.9000441431999207
-0.20614026486873627
-0.24429632723331451
0.7925339341163635
-0.3059929609298706
-0.2448149025440216
-0.17454828321933746
1.0
-0.3960544466972351
-0.21894718706607819
0.7559719681739807
-0.46341484785079956
0.9084652066230774
-0.7889993190765381
-0.2113407403230667
-0.276461124420166
-0.46341484785079956
-0.20402492582798004
-0.2448149025440216
1.0
-0.46341484785079956
-0.9354787468910217
-0.9304146766662598
-0.7842472791671753
-0.1893603801727295
-0.9428163766860962
0.9393535256385803
-0.21860970556735992
0.31246820092201233
-0.18212029337882996
-0.7853046655654907
0.3592420518398285
1.0
1.0
0.8125388622283936
-0.2442963570356369
-0.21860970556735992
-0.276461124420166
-0.46341484785079956
-0.24473142623901367
0.7508209347724915
-0.46341484785079956
-0.9120946526527405
1.0
-0.3960544466972351
1.0
-0.46341484785079956
0.7508208751678467
1.0
-0.2247244268655777
-0.24473142623901367
1.0
-0.21254725754261017
-0.9241700172424316
-0.20402488112449646
-0.12131019681692123
-0.46341484785079956
-0.3059929609298706
1.0
1.0
-0.46341484785079956
-0.20712417364120483
0.9066872596740723
-0.2125472128391266
-0.12131021916866302
-0.46341484785079956
-0.7823182344436646
-0.9516088962554932
0.8884386420249939
-0.5319986939430237
-0.29985135793685913
0.7206164598464966
-0.46341484785079956
1.0
-0.21254725754261017
-0.21739180386066437
-0.305992990732193
1.0
-0.21254722774028778
-0.24429632723331451
-0.46341484785079956
1.0
-0.16927003860473633
-0.46341484785079956
-0.24473142623901367
-0.14511674642562866
-0.2442963570356369
-0.46341484785079956
-0.21894718706607819
0.601202130317688
-0.7773838639259338
0.7559718489646912
-0.16927000880241394
0.7591210007667542
-0.46341484785079956
-0.9283267855644226
0.6074439883232117
1.0
-0.9030495285987854
-0.46341484785079956
-0.41044411063194275
-0.9000440835952759
1.0
-0.6716194748878479
0.9066969156265259
0.7996461391448975
1.0
0.8355838656425476
-0.3954005241394043
1.0
-0.9481391310691833
-0.29985135793685913
1.0
1.0
-0.9184765815734863
-0.2113407701253891
-0.1893603801727295
-0.95289146900177
-0.7434039115905762
0.992716908454895
0.9047901630401611
-0.21254724264144897
0.8465304970741272
-0.46341484785079956
-0.20712415874004364
-0.1893603652715683
0.9066969752311707
1.0
-0.21894718706607819
0.7408487796783447
-0.9571097493171692
-0.9334272146224976
-0.46341484785079956
-0.8487735986709595
1.0
0.2549295425415039
-0.2113407701253891
-0.46341484785079956
-0.21894718706607819
-0.923497200012207
-0.18192028999328613
-0.16927003860473633
-0.24429632723331451
-0.21894718706607819
-0.21254724264144897
-0.18712188303470612
-0.2247244268655777
-0.46341484785079956
-0.17454829812049866
1.0
1.0
-0.18936040997505188
1.0
-0.22586385905742645
0.9921916723251343
-0.3954005241394043
1.0
1.0
-0.21894718706607819
-0.1700306087732315
-0.951121985912323
-0.46341484785079956
0.9218187928199768
-0.46341484785079956
-0.14617225527763367
-0.46341484785079956
-0.17454831302165985
-0.9000442028045654
0.7206165194511414
-0.46341484785079956
1.0
1.0
-0.29985132813453674
-0.20614027976989746
-0.2442963570356369
-0.276461124420166
1.0
-0.9031041860580444
-0.1871218979358673
-0.8748559355735779
1.0
1.0
-0.9523801803588867
-0.9356564879417419
-0.2448149025440216
-0.1488957554101944
-0.46341484785079956
1.0
-0.21894718706607819
-0.18212032318115234
-0.20712417364120483
-0.9030493497848511
-0.7748144865036011
-0.46341484785079956
-0.9507154226303101
-0.21894718706607819
0.9393535852432251
-0.46341484785079956
-0.15670976042747498
-0.17454829812049866
-0.17023558914661407
-0.20614030957221985
-0.935991108417511
-0.49348464608192444
-0.21739184856414795
1.0
-0.21739183366298676
0.7408487200737
-0.1871218979358673
-0.14511673152446747
1.0
0.7206165194511414
-0.14511673152446747
1.0
0.6760124564170837
-0.21739184856414795
-0.21894718706607819
1.0
1.0
-0.46341484785079956
-0.6716194748878479
1.0
-0.1893603652715683
1.0
1.0
-0.5553507208824158
-0.948138952255249
-0.2113407552242279
-0.8501135110855103
